20 4 10
2 19 7 13 6 4 4 18 7 17
10 3 4 6 10 4 7 8 2 1
6 20 19 1 20 10 2 6 3 11
15 14 20 9 13 14 13 19 11 10
5 5 5 5 5 5 5 15 8 2
10 12 12 10 12 17 6 17 8 1
1 18 17 10 11 9 1 11 19 3
20 20 7 18 1 6 3 7 12 8
9 9 9 9 9 9 9 2 2 17
3 2 16 6 8 12 5 17 19 18
1 20 8 8 13 4 14 2 4 11
2 19 12 3 4 15 11 14 14 18
15 14 13 18 13 4 15 19 2 7
11 5 1 18 3 8 15 14 8 18
12 14 13 14 4 10 19 19 11 14
16 16 16 16 16 16 16 16 16 20
17 6 18 6 7 5 8 7 17 1
3 10 19 10 12 20 13 15 12 15
20 20 11 1 15 11 7 17 9 15
4 7 13 6 3 18 12 17 13 3